<?xml version="1.0" encoding="UTF-8"?>
<!DOCTYPE svg PUBLIC "-//W3C//DTD SVG 1.1//EN" "http://www.w3.org/Graphics/SVG/1.1/DTD/svg11.dtd">
<!-- Creator: CorelDRAW 2017 -->
<svg xmlns="http://www.w3.org/2000/svg" xml:space="preserve" width="4.45921in" height="2.49836in" version="1.1" style="shape-rendering:geometricPrecision; text-rendering:geometricPrecision; image-rendering:optimizeQuality; fill-rule:evenodd; clip-rule:evenodd"
viewBox="0 0 5572.76 3122.24"
 xmlns:xlink="http://www.w3.org/1999/xlink">
 <defs>
  <style type="text/css">
   <![CDATA[
    .fil1 {fill:#2B2A29;fill-rule:nonzero}
    .fil0 {fill:#008DD2;fill-rule:nonzero}
   ]]>
  </style>
 </defs>
 <g id="Layer_x0020_1">
  <metadata id="CorelCorpID_0Corel-Layer"/>
  <g id="_2203274435632">
   <path class="fil0" d="M3679.48 669.27c-7.76,42.53 -22.16,78.77 -41.64,108.04 -22.72,34.12 -52.29,58.91 -86.38,73.39 -34.07,14.46 -72.42,18.51 -112.71,11.16 -34.77,-6.34 -70.86,-21.13 -106.69,-44.98l-211.1 -140.57c-67.77,-45.12 -151.66,-61.21 -232.22,-50.77 -80.51,10.43 -157.47,47.33 -211.45,108.17l-453.58 511.27c-31.74,35.77 -63.81,59.97 -94.47,73.04 -30.36,12.94 -59.52,15.23 -85.98,7.3 -26.5,-7.94 -49.62,-25.89 -67.88,-53.4 -18.45,-27.8 -31.94,-65.63 -38.79,-112.94l-131.11 -906.53c-6.97,-48.23 -4.6,-88.84 5.57,-120.77 9.64,-30.27 26.25,-52.9 48.64,-67.15 22.41,-14.26 49.93,-19.73 81.36,-15.66 33.19,4.31 71.02,19.39 111.86,46.21l475.23 312.07c68.74,45.14 159.35,67.04 249.94,65.96 90.56,-1.08 180.61,-25.15 248.29,-71.93l506.47 -350.15c42.3,-29.25 80.91,-45.51 114.06,-49.83 28.53,-3.72 53.29,1.19 73.33,14.12 20.07,12.96 34.78,33.53 43.14,61.07 9.71,31.98 10.79,73.84 1.57,124.4l-85.45 468.47zm-325.77 114.89c31.42,20.92 62.5,33.78 91.95,39.15 32.6,5.95 63.36,2.78 90.43,-8.71 27.06,-11.48 50.68,-31.4 69.02,-58.95 16.69,-25.07 29.07,-56.36 35.81,-93.3l85.45 -468.47c8.08,-44.31 7.45,-79.96 -0.5,-106.13 -5.55,-18.3 -14.7,-31.57 -26.85,-39.41 -12.2,-7.88 -28.08,-10.76 -47.07,-8.28 -27.11,3.53 -59.84,17.63 -96.86,43.22l-506.47 350.15c-74.2,51.3 -172.12,77.68 -270.1,78.85 -97.95,1.17 -196.46,-22.88 -271.9,-72.41l-475.24 -312.08c-35.69,-23.43 -67.86,-36.51 -95.27,-40.06 -22.14,-2.87 -40.87,0.57 -55.41,9.82 -14.56,9.26 -25.61,24.75 -32.37,45.95 -8.38,26.31 -10.16,61.03 -4.02,103.41l131.11 906.52c5.98,41.34 17.32,73.73 32.64,96.81 12.99,19.58 28.79,32.16 46.38,37.43 17.63,5.28 37.76,3.45 59.41,-5.77 25.51,-10.87 52.8,-31.69 80.5,-62.9l453.58 -511.27c60.48,-68.18 146.32,-109.48 235.88,-121.08 89.51,-11.6 182.98,6.44 258.78,56.91l211.11 140.57z"/>
   <path class="fil0" d="M3394.78 1038.8c44.35,10.54 79.71,8.99 104.34,-2.35 9.78,-4.5 17.85,-10.62 24.02,-18.17 6.16,-7.51 10.56,-16.62 13.05,-27.13 6.28,-26.45 0.86,-61.43 -18.18,-102.76l-233.46 -507.03c-7.27,-15.78 -15.84,-30.08 -25.5,-42.82 -26.82,-35.4 -61.99,-58.54 -100.43,-68.16 -38.45,-9.62 -80.39,-5.79 -120.74,12.79 -14.45,6.65 -28.74,15.22 -42.65,25.76l-780.76 591.73c-34.76,26.34 -55.52,48.75 -62.97,66.04 -2.47,5.75 -3.14,10.04 -2.02,12.76 1.13,2.75 4.61,5.33 10.4,7.68 17.49,7.09 48.04,8.44 91.29,2.77l339.85 -44.66c72.79,-9.56 167.84,-11.34 262.33,-6.48 94.7,4.86 189.1,16.34 260.32,33.26l281.09 66.77zm-290.15 -28.53c-69.22,-16.44 -161.06,-27.6 -253.25,-32.33 -92.4,-4.74 -184.93,-3.07 -255.27,6.17l-339.85 44.66c-50.28,6.61 -87.61,4.29 -111.1,-5.23 -15.93,-6.45 -26.61,-16.3 -31.89,-29.17 -5.29,-12.89 -4.62,-27.41 2.17,-43.17 10.04,-23.32 34.99,-51.22 75.42,-81.86l780.75 -591.73c16.12,-12.22 32.84,-22.22 49.87,-30.06 48.75,-22.45 99.72,-27.01 146.7,-15.25 47,11.77 89.81,39.82 122.23,82.6 11.28,14.88 21.3,31.58 29.79,50.03l233.46 507.03c22.91,49.75 29.04,93.52 20.79,128.26 -3.89,16.38 -10.93,30.79 -20.89,42.94 -9.93,12.13 -22.68,21.86 -38,28.92 -32.5,14.97 -76.63,17.6 -129.84,4.96l-281.09 -66.77z"/>
   <path class="fil0" d="M3698.61 1094.64c-34.45,49.37 -90.78,86.13 -153.77,105.56 -62.63,19.32 -132.27,21.69 -193.8,2.44l-198.95 -62.26c-49.26,-15.41 -112.96,-28.66 -179.01,-38.22l-127.83 157.42c-13.69,16.85 -27.89,32.08 -42.22,45.51 -33.76,31.62 -68.85,53.92 -100.37,64.69 -35.39,12.09 -67.26,10.11 -90.13,-8.46 -2.46,-1.99 -4.74,-4.11 -6.82,-6.34l-155.68 -166.2c-9.33,-9.96 -15.43,-20.16 -18.5,-30.38 -5.02,-16.71 -2.15,-32.6 7.78,-47.02 8.37,-12.15 21.96,-22.83 40.09,-31.49 28.35,-13.55 69.18,-22.79 119.25,-25.39l128.98 -6.69c61.43,-3.18 141.16,1.42 220.12,11.4 2.94,0.37 5.87,0.75 8.81,1.14l490 -603.43c25.56,-31.48 50.09,-51.33 71.94,-60 16.5,-6.55 31.9,-7.14 45.67,-1.98 13.86,5.2 25.11,15.77 33.22,31.53 10.75,20.87 16.17,51.95 14.74,92.53l-6.12 172.84 -0.01 0.16 -0.08 2.47c-1.64,56.56 8.18,107.92 25.41,145.21 15.31,33.13 35.71,54.02 57.59,54.8l0.46 0.02c14.64,0.48 26.9,4.4 36.74,11.27 9.27,6.47 16.05,15.29 20.35,26.1 3.87,9.73 5.62,20.93 5.25,33.29 -1.01,34.35 -18.82,80.33 -53.12,129.48zm-131.77 -403.94l0 -0.25 6.12 -172.84c1.19,-33.59 -2.66,-58.09 -10.44,-73.18 -3.52,-6.84 -7.59,-11.13 -12.02,-12.8 -4.52,-1.69 -10.44,-1.16 -17.57,1.67 -15.74,6.24 -34.74,22.18 -55.97,48.33l-475.24 585.25c59.91,9.51 116.84,21.88 162.04,36.03l198.95 62.26c53.85,16.85 115.19,14.66 170.61,-2.43 55.07,-16.99 103.9,-48.53 133.19,-90.51 29.82,-42.74 45.26,-81.01 46.06,-108.14 0.21,-7.09 -0.62,-13.09 -2.48,-17.78 -1.44,-3.62 -3.57,-6.47 -6.38,-8.43 -3.64,-2.54 -8.82,-4 -15.61,-4.21l-0.56 -0.01c-37.97,-1.34 -70.28,-30.88 -91.83,-77.53 -19.6,-42.4 -30.78,-100.01 -28.95,-162.76l0.08 -2.65zm-639.4 405.47c-71.52,-8.38 -142.48,-12.08 -197.82,-9.22l-128.98 6.69c-44.89,2.33 -80.54,10.17 -104.36,21.55 -11.85,5.66 -20.24,11.91 -24.73,18.44 -2.93,4.26 -3.82,8.84 -2.41,13.54 1.34,4.45 4.44,9.38 9.44,14.72l155.68 166.2c1.01,1.08 2.01,2.02 2.98,2.81 11.5,9.34 30.3,9.39 52.81,1.7 26.38,-9.01 56.46,-28.34 86.09,-56.08 13.22,-12.38 26.24,-26.33 38.69,-41.66l112.6 -138.67z"/>
  </g>
  <path class="fil1" d="M-0 2601.96l54.47 0 89.78 -197.7 416.56 0 89.78 197.7 57.49 0 -328.82 -711.09 -50.43 0 -328.82 711.09zm166.42 -245.1l186.61 -408.5 185.59 408.5 -372.2 0zm1303.18 245.1l52.45 0 0 -706.05 -52.45 0 0 706.05zm1070.17 0l52.44 0 0 -657.64 246.11 0 0 -48.41 -544.67 0 0 48.41 246.11 0 0 657.64zm1002.58 0l54.47 0 89.77 -197.7 416.56 0 89.78 197.7 57.49 0 -328.82 -711.09 -50.43 0 -328.82 711.09zm166.42 -245.1l186.61 -408.5 185.59 408.5 -372.2 0zm1574.49 256.19c171.48,0 289.49,-107.92 289.49,-310.66l0 -406.48 -52.45 0 0 412.54c0,170.46 -91.78,257.21 -235.01,257.21 -149.28,0 -239.05,-95.82 -239.05,-262.24l0 -407.5 -52.45 0 0 412.54c0,197.7 120.02,304.61 289.48,304.61z"/>
  <path class="fil1" d="M87.63 3121.73c37.95,0 64.55,-20.14 64.55,-53.95 0,-30.47 -19.88,-44.14 -58.1,-53.45 -34.59,-8.26 -42.85,-14.46 -42.85,-28.39 0,-12.39 10.83,-21.95 29.43,-21.95 16.53,0 32.79,6.45 49.06,18.59l17.03 -24.02c-18.33,-14.72 -39.24,-22.72 -65.58,-22.72 -35.89,0 -61.7,21.44 -61.7,52.41 0,33.82 21.68,45.18 60.15,54.22 33.57,8.01 40.79,14.98 40.79,27.88 0,14.2 -12.39,23.23 -32.01,23.23 -22.46,0 -39.75,-8.52 -57.06,-23.49l-19.1 22.72c21.68,19.37 47.77,28.92 75.39,28.92zm232.62 -2.58l32.02 0 0 -72.03 71.77 -108.71 -36.4 0 -51.12 80.04 -50.6 -80.04 -37.43 0 71.77 109.48 0 71.25zm209.12 0l31.25 0 0 -128.58 99.65 128.58 26.6 0 0 -180.73 -31.24 0 0 124.97 -96.82 -124.97 -29.44 0 0 180.73zm325.82 0l32.03 0 0 -151.3 57.31 0 0 -29.43 -146.65 0 0 29.43 57.31 0 0 151.3zm200.35 0l31.76 0 0 -76.17 86.23 0 0 76.17 31.76 0 0 -180.73 -31.76 0 0 75.14 -86.23 0 0 -75.14 -31.76 0 0 180.73zm273.67 0l135.28 0 0 -28.39 -103.52 0 0 -48.55 90.62 0 0 -28.39 -90.62 0 0 -46.99 102.24 0 0 -28.41 -134 0 0 180.73zm294.84 0l32.03 0 0 -151.3 57.31 0 0 -29.43 -146.65 0 0 29.43 57.31 0 0 151.3zm443.55 3.09c33.82,0 54.49,-12.38 73.33,-32.01l-20.4 -20.65c-15.49,14.46 -29.68,23.49 -51.89,23.49 -34.59,0 -59.65,-28.92 -59.65,-64.28 0,-35.89 25.05,-64.3 59.65,-64.3 20.65,0 36.15,9.04 50.6,22.47l20.4 -23.5c-17.31,-16.52 -37.45,-28.13 -70.74,-28.13 -54.74,0 -93.2,42.09 -93.2,93.46 0,52.41 39.24,93.45 91.9,93.45zm338.99 -3.09l67.39 0c56.8,0 96.04,-39.5 96.04,-90.36 0,-51.38 -39.24,-90.37 -96.04,-90.37l-67.39 0 0 180.73zm31.76 -28.92l0 -122.89 35.63 0c37.95,0 62.74,26.08 62.74,61.45 0,35.88 -24.78,61.44 -62.74,61.44l-35.63 0zm219.71 28.92l32.53 0 18.59 -43.63 85.46 0 18.33 43.63 33.56 0 -79.52 -182.02 -29.43 0 -79.52 182.02zm62.74 -71.78l30.99 -72.29 31.24 72.29 -62.23 0zm255.34 71.78l32.03 0 0 -151.3 57.31 0 0 -29.43 -146.65 0 0 29.43 57.31 0 0 151.3zm161.63 0l32.53 0 18.59 -43.63 85.46 0 18.33 43.63 33.56 0 -79.52 -182.02 -29.43 0 -79.52 182.02zm62.74 -71.78l30.99 -72.29 31.24 72.29 -62.23 0zm389.07 71.78l31.76 0 0 -63 39.24 0 44.92 63 37.45 0 -48.8 -68.42c25.3,-7.22 43.12,-25.04 43.12,-54.73 0,-34.85 -24.79,-57.58 -67.13,-57.58l-80.56 0 0 180.73zm31.76 -91.15l0 -60.67 46.21 0c23.49,0 37.44,10.59 37.44,29.95 0,18.84 -14.46,30.71 -37.18,30.71l-46.48 0zm232.35 91.15l135.29 0 0 -28.39 -103.52 0 0 -48.55 90.62 0 0 -28.39 -90.62 0 0 -46.99 102.24 0 0 -28.41 -134.01 0 0 180.73zm313.7 2.58c37.95,0 64.55,-20.14 64.55,-53.95 0,-30.47 -19.88,-44.14 -58.1,-53.45 -34.59,-8.26 -42.84,-14.46 -42.84,-28.39 0,-12.39 10.83,-21.95 29.43,-21.95 16.52,0 32.78,6.45 49.06,18.59l17.03 -24.02c-18.33,-14.72 -39.24,-22.72 -65.58,-22.72 -35.89,0 -61.7,21.44 -61.7,52.41 0,33.82 21.68,45.18 60.15,54.22 33.57,8.01 40.79,14.98 40.79,27.88 0,14.2 -12.39,23.23 -32.01,23.23 -22.46,0 -39.75,-8.52 -57.06,-23.49l-19.1 22.72c21.68,19.37 47.77,28.92 75.39,28.92zm179.43 -2.58l135.29 0 0 -28.39 -103.53 0 0 -48.55 90.62 0 0 -28.39 -90.62 0 0 -46.99 102.24 0 0 -28.41 -134 0 0 180.73zm234.95 0l32.54 0 18.59 -43.63 85.45 0 18.33 43.63 33.56 0 -79.52 -182.02 -29.43 0 -79.52 182.02zm62.74 -71.78l30.99 -72.29 31.24 72.29 -62.23 0zm234.16 71.78l31.76 0 0 -63 39.24 0 44.92 63 37.45 0 -48.81 -68.42c25.3,-7.22 43.12,-25.04 43.12,-54.73 0,-34.85 -24.79,-57.58 -67.13,-57.58l-80.56 0 0 180.73zm31.76 -91.15l0 -60.67 46.21 0c23.49,0 37.44,10.59 37.44,29.95 0,18.84 -14.46,30.71 -37.18,30.71l-46.48 0zm316.27 94.24c33.82,0 54.48,-12.38 73.33,-32.01l-20.4 -20.65c-15.49,14.46 -29.68,23.49 -51.89,23.49 -34.59,0 -59.64,-28.92 -59.64,-64.28 0,-35.89 25.05,-64.3 59.64,-64.3 20.65,0 36.15,9.04 50.6,22.47l20.4 -23.5c-17.31,-16.52 -37.45,-28.13 -70.74,-28.13 -54.75,0 -93.2,42.09 -93.2,93.46 0,52.41 39.24,93.45 91.9,93.45zm184.08 -3.09l31.76 0 0 -76.17 86.23 0 0 76.17 31.76 0 0 -180.73 -31.76 0 0 75.14 -86.23 0 0 -75.14 -31.76 0 0 180.73zm-3584.56 0l31.76 0 0 -180.73 -31.76 0 0 180.73z"/>
 </g>
</svg>
